#
# GMT Mon May  6 19:02:16 2019
# 
1 7170 3 5511 7176 2828 11537 5650 1299 5400 12050 6939 3356 4637 10910 4513 5669 4006 8220 174 6453 3257 6461 3701 4544 2497 6467 1221 7543 209 852 4565 9942 1239 3549 2914 4323 3300 7911 3561 7018 4589 701 2548 4725 16631 3320 1785 6395
7170 101 209 7018 6509 11537 3549
3 11537
1668 4544 4323 4006 3561 7018 701 209 1299 1239 1785 3356 3549 702
5511 2828 11537 3602 1299 3356 4006 8220 174 6453 6461 702 4544 209 1239 3549 2914 3561 7018 701 4755 16631 3320 6395 2686
7176 2914 9070 3549 1299 6461 5400 3356 4637 10910
6539 2914 4323 3561 3602 852 6395 701
2828 5650 5400 3356 4637 4006 174 6453 701 702 577 209 1239 7132 3549 2914 4323 7911 3561 7018 6461 16631 1785 6395
6509 11537 101
11537 101 7018 16631 209 1239 4600
12050 2914 4323 16631 1785 6395 3356 3549
1299 5400 3356 4637 5669 174 6453 3257 701 702 577 209 852 1239 7132 3549 2914 3300 7911 3561 7018 4589 6461 2548 16631 3320
2686 7018 8220 3549 702
5400 4544 2914 4323 7911 3561 7018 1239 6461 209 6453 16631 3257 6395 3549 702
6939 2914 4323 7911 3561 16631 6395 3356 6461
8220 2914 4323 5669 3561 7911 6461 1239 3320 1785 3549 3356 4637 702
4637 4006 3356 174 6461 4544 577 1221 16631 209 852 4565 1239 7132 2914 4323 3300 7911 4755 7543
10910 2914 2497 3561 7018 1239 3549 209 2548 16631 3356 701 702 3967
4513 2914 4323 101 7018 16631 174 3549 15412 1239 1785 6395 3356 701
5669 2914 3320 3356 6461
4006 7132 3561 7018 174 701 4725 209 2548 6461 16631 3320 3549 3967 3356 4565
3356 5650 174 15412 6453 3257 6461 702 4544 2497 13129 7543 209 4565 1239 11608 3549 2914 4323 3300 101 7911 3561 7018 4589 701 2548 4725 16631 3320 1785 6395 3967
174 6453 701 577 209 852 1239 7132 3549 2914 4323 7911 3561 7018 2548 4725 16631 3320 6395
15412 7911 4323 3561
6453 3602 701 702 4544 577 209 1239 7132 3549 2914 3561 7018 6461 4755 3320 6395
3257 2914 4323 7911 3561 16631 3549 209 1239 6395 701 702
15290 4544 577 2914 4323 7911 7018 852 6395 701
701 5650 6461 702 4544 577 6467 209 852 4565 1239 7132 3549 2914 4323 3300 7911 3561 7018 2548 4725 16631 6395
702 3561 3300 7911 9070 3549 3320 9942 1239
3701 4600 101 3582 1239
4544 2914 3549 7132 7018 7911 209 9942 7543 3300 6395 1785 16631
577 4323 1221 3549 7911 3561 6461 209 2548 1239
6467 2914 7018 6461 209 1239 1785
1221 2914 7543 3549 4565 1239 2687
3967 3561 3320 3549
13129 3320 6461 4589 7911
16631 5650 2497 209 4565 9942 1239 11608 7132 3549 2914 4323 7911 3561 7018 6461 2548 7543 1785 6395
1784 2914 4323 7911 209 6395 3549
5650 2914 4323 7911 3561 7018 1239 3549 209 2548 1785 6395
852 4323 7911 3561 209 1239
4565 2914 4323 7911 3561 7018 209 6461 9942 1239 3549 6395 101
9942 4323 101 7911 6395 7132 6461
1239 209 11608 7132 3549 2914 4323 3300 7911 3561 7018 3602 6461 2497 4755 2548 4725 7543 3320 1785 6395
11608 2914 4323 101 7911 6461
7132 4323 7911 7018 2548 7543 6395
3549 209 2914 4323 3300 7911 3561 7018 4589 6461 2497 4755 2548 4725 7543 3320
3602
2914 2497 209 4323 3300 101 7911 3561 7018 6461 2548 7543 6395 3320
4323 2497 209 101 7911 3561 7018 4589 6461 2548 4725 7543 6395 3320
3300 7911 3561 7018 4589 209 6461 6395
101 3561 7018
209 3320 7911 3561 7018 6461 2497 2548 4725 7543 1785
3561 7911 7018 4589 6461 4755 2548 3320 1785 6395
7018 7911 6461 2548 3320 1785 6395 2687
7911 4589 4725 7543 6395
4589 6461
9070
6461 2497 2548 4725 6395
2497 6395
4755
2548 1785 6395
4725 1785 6395
7543 6395
4600 3582
1785 3320 6395
6395 3320
3320
3582
2687
